AvgCyclomatic,AvgCyclomaticModified,AvgCyclomaticStrict,AvgEssential,AvgLine,AvgLineBlank,AvgLineCode,AvgLineComment,CountLine,CountLineBlank,CountLineCode,CountLineCodeDecl,CountLineCodeExe,CountLineComment,CountSemicolon,CountStmt,CountStmtDecl,CountStmtExe,MaxCyclomatic,MaxCyclomaticModified,MaxCyclomaticStrict,RatioCommentToCode,SumCyclomatic,SumCyclomaticModified,SumCyclomaticStrict,SumEssential,bug
-0.962325,-1.115385,-0.966981,-0.896529,-0.125003,-0.89996,-1.168092,-0.754861,-0.649244,-0.737085,-0.77475,-0.885256,-0.757724,-0.668523,-0.234955,-0.765983,-0.848528,-0.728336,-0.66959,-0.771283,-0.691638,-0.851205,-0.703666,-0.72847,-0.688445,-0.658704,0
-0.962325,-1.115385,-0.966981,-0.896529,-0.125003,-0.89996,-1.168092,-0.754861,-0.75171,-0.713461,-0.652693,-0.217225,-0.634977,-0.649911,-0.217568,-0.705784,-0.552081,-0.728336,-0.66959,-0.771283,-0.691638,-0.398402,-0.703666,-0.72847,-0.688445,-0.658704,0
-0.101998,-0.022533,-0.084876,0.108827,-0.125003,0.54808,0.114996,0.623787,1.438904,1.916648,1.362945,2.306449,1.338781,1.257824,0.149737,1.019914,1.48599,0.881056,0.125469,0.279028,0.165479,-0.259078,0.828678,0.93906,0.915429,1.12504,0
3.511378,4.567445,3.443543,-0.56141,-0.125003,1.582394,5.992367,0.623787,-0.5759,-0.603217,-0.481474,-0.662579,-0.438583,-0.542891,-0.170477,-0.480039,-0.552081,-0.451385,0.125469,0.279028,0.087559,-0.433233,-0.488309,-0.487604,-0.483695,-0.644768,1
0.414199,0.633178,0.650211,0.443946,-0.125003,0.54808,0.280556,1.23652,2.480821,2.751353,2.063078,2.046659,1.952512,3.779757,0.361281,2.116033,2.437089,1.988859,0.400682,0.642597,0.658971,0.158894,2.220212,2.541741,2.744528,2.100525,0
-0.962325,-1.115385,-0.966981,-0.896529,-0.125003,-0.89996,-1.168092,-0.754861,-0.806718,-0.713461,-0.73915,-0.690414,-0.718445,-0.649911,-0.229884,-0.748425,-0.762064,-0.728336,-0.66959,-0.771283,-0.691638,0.71619,-0.703666,-0.72847,-0.688445,-0.658704,0
1.962789,1.72603,2.120386,1.784421,-0.125003,0.54808,2.267273,-0.295312,-0.454019,-0.485098,-0.320426,-0.430624,-0.254464,-0.533585,-0.130632,-0.27436,-0.41621,-0.232902,0.737053,0.561804,0.762864,-0.572557,-0.281236,-0.376436,-0.265295,-0.310316,0
-0.274063,-0.241103,-0.378911,0.108827,-0.125003,-0.279371,-0.340294,-0.754861,-0.542464,-0.4536,-0.435702,-0.142999,-0.421399,-0.505667,-0.169028,-0.462481,-0.35445,-0.47908,-0.302639,-0.286524,-0.353986,-0.415817,-0.446894,-0.441284,-0.456395,-0.310316,0
-0.274063,-0.241103,-0.231894,-0.226292,-0.125003,-0.072509,-0.257514,-0.448495,-0.236144,0.168492,-0.171245,0.033287,-0.156267,-0.347465,-0.057461,-0.116338,0.02846,-0.149817,-0.027427,0.077045,-0.042307,-0.433233,-0.206689,-0.237475,-0.237995,-0.26851,0
-0.101998,-0.022533,-0.084876,-0.226292,-0.125003,-0.072509,-0.216124,-0.448495,0.382966,0.743336,0.639078,0.84977,0.604759,-0.235793,0.0983,0.79166,0.991912,0.724117,1.195741,1.490925,1.074543,-0.624803,0.646454,0.735251,0.567354,0.442201,0
0.414199,0.633178,0.356176,0.779065,-0.125003,1.168668,0.611675,1.23652,4.355409,5.294842,4.382164,3.503339,4.471264,4.286936,0.714096,3.904439,4.154009,3.755189,0.798211,1.167752,0.918703,-0.224247,3.984478,4.496456,3.713678,5.068787,1
-0.274063,-0.241103,-0.378911,-0.226292,-0.125003,-0.693097,-0.464463,-0.601678,-0.210258,-0.193739,-0.018674,0.228129,-0.190636,-0.403301,-0.096582,-0.091255,0.09022,-0.134431,-0.241481,-0.205731,-0.1462,-0.572557,0.058365,0.123823,0.021354,0.079878,1
6.264426,5.660297,6.383893,8.151676,-0.125003,6.547102,4.585109,5.525648,4.733994,5.901184,3.773573,1.592027,3.990099,4.859256,0.817694,4.812437,1.584805,5.509211,9.054593,8.237151,8.944439,-0.067507,5.972384,4.700265,5.815777,6.67137,0
-0.274063,-0.241103,-0.378911,-0.56141,-0.125003,-0.279371,0.032216,0.011054,0.610548,0.129119,0.622126,1.100282,0.550751,1.085663,0.109891,0.628622,1.214247,0.468707,-0.210902,-0.165334,-0.276066,-0.015261,0.124628,0.197936,0.028179,0.024136,1
-0.962325,-1.115385,-0.966981,-0.896529,-0.125003,-0.89996,-1.168092,-0.754861,1.005312,-0.744959,-0.77475,-0.885256,-0.757724,-0.66387,-0.234955,-0.765983,-0.848528,-0.728336,-0.66959,-0.771283,-0.691638,-0.851205,-0.703666,-0.72847,-0.688445,-0.658704,1
-0.962325,-1.115385,-0.966981,-0.896529,-0.125003,-0.89996,-1.168092,-0.754861,0.400223,-0.744959,-0.77475,-0.885256,-0.757724,-0.66387,-0.234955,-0.765983,-0.848528,-0.728336,-0.66959,-0.771283,-0.691638,-0.851205,-0.703666,-0.72847,-0.688445,-0.658704,1
-0.618194,-0.678244,-0.525929,-0.56141,-0.125003,-0.693097,-0.671413,-0.754861,-0.356946,-0.359105,-0.378064,-0.412068,-0.441038,-0.477749,-0.153815,-0.387232,-0.366802,-0.383686,-0.363798,-0.367317,-0.379959,-0.433233,-0.347499,-0.330115,-0.35402,-0.338187,1
-0.79026,-0.896815,-0.819963,-0.56141,-0.125003,-0.693097,-0.795583,-0.754861,-0.742002,-0.595342,-0.66795,-0.588354,-0.664436,-0.61734,-0.217568,-0.690734,-0.663248,-0.682178,-0.608431,-0.69049,-0.639692,-0.137169,-0.645685,-0.663621,-0.64067,-0.589026,0
0.586264,0.851748,0.797229,0.108827,-0.125003,1.582394,0.901405,2.308802,1.164943,1.278807,0.986602,1.295124,1.135023,1.625412,0.081637,0.721428,0.880744,0.665649,1.134583,1.612114,1.697901,0.002154,0.679585,0.800099,0.881304,0.274975,1
-0.101998,-0.022533,-0.231894,0.443946,-0.125003,0.754943,0.156386,0.77697,-0.461569,-0.351231,-0.520464,-0.44918,-0.514686,-0.063631,-0.182793,-0.537729,-0.477969,-0.540625,-0.27206,-0.246128,-0.328013,0.838098,-0.54629,-0.552453,-0.551945,-0.407865,0
-0.446129,-0.459674,-0.378911,-0.226292,-0.125003,0.134354,-0.009174,1.849252,-0.462648,-0.461475,-0.537417,-0.430624,-0.534326,0.080612,-0.168304,-0.502613,-0.477969,-0.497544,-0.455535,-0.488507,-0.483852,1.343147,-0.595987,-0.608037,-0.592895,-0.519349,0
0.242133,0.414608,0.062141,-0.226292,-0.125003,-0.279371,0.156386,0.317421,0.308543,0.011,0.418698,0.69204,0.408365,0.597097,-0.021237,0.254888,0.485482,0.191756,0.125469,0.279028,0.061586,-0.137169,0.414531,0.475857,0.321654,0.121684,1
-0.618194,-0.678244,-0.525929,-0.56141,-0.125003,-0.279371,-0.588633,-0.295312,-0.046313,0.38898,-0.010198,0.478641,-0.136628,-0.007795,-0.075572,-0.046106,0.485482,-0.177512,-0.455535,-0.488507,-0.483852,-0.241662,-0.12386,-0.079986,-0.183395,-0.045542,1
1.102461,1.50746,0.944246,1.449302,-0.125003,-0.279371,0.694455,-0.754861,-0.662187,-0.64259,-0.545893,-0.718249,-0.524506,-0.603381,-0.176273,-0.487564,-0.626193,-0.442154,-0.180323,-0.124938,-0.250093,-0.485479,-0.397197,-0.3857,-0.415445,-0.352123,0
0.414199,0.633178,0.356176,0.108827,-0.125003,-0.279371,0.570285,0.011054,-0.365575,-0.429976,-0.213626,-0.235781,-0.22746,-0.328853,-0.11904,-0.219177,-0.379154,-0.174435,0.09489,0.238631,-0.016334,-0.380986,-0.223255,-0.191155,-0.27212,-0.282445,1
-0.101998,-0.022533,-0.231894,0.443946,-0.125003,0.754943,0.156386,0.77697,-0.461569,-0.351231,-0.520464,-0.44918,-0.514686,-0.063631,-0.182793,-0.537729,-0.477969,-0.540625,-0.27206,-0.246128,-0.328013,0.838098,-0.54629,-0.552453,-0.551945,-0.407865,0
-0.79026,-0.896815,-0.819963,-0.56141,-0.125003,-0.89996,-0.795583,-0.754861,-0.816425,-0.72921,-0.759493,-0.829587,-0.755269,-0.668523,-0.23423,-0.760966,-0.836176,-0.725259,-0.63901,-0.730886,-0.665665,2.057183,-0.695383,-0.719206,-0.68162,-0.644768,0
-0.618194,-0.678244,-0.525929,-0.56141,-0.125003,-0.693097,-0.671413,-0.601678,-0.545699,-0.4536,-0.439093,-0.402789,-0.499957,-0.542891,-0.164682,-0.427365,-0.329746,-0.442154,-0.455535,-0.488507,-0.509826,-0.485479,-0.388914,-0.376436,-0.39497,-0.254574,0
1.102461,1.50746,1.238281,0.443946,-0.125003,-0.072509,1.066964,0.164238,1.570492,0.672465,2.057993,1.656974,1.977061,0.769258,0.306221,1.900321,1.572453,1.939623,1.532112,2.13727,1.256356,-0.52031,2.170514,2.467628,2.198528,1.320137,1
0.070068,0.196037,0.062141,0.443946,-0.125003,0.54808,0.321945,1.23652,-0.005326,0.09762,-0.050883,-0.133721,-0.05316,0.40167,-0.103102,-0.121354,-0.132115,-0.115967,-0.302639,-0.286524,-0.250093,0.141478,-0.082445,-0.04293,-0.09467,0.093813,0
0.070068,0.196037,0.062141,-0.226292,-0.125003,0.134354,0.321945,1.542886,0.22657,0.050373,0.255955,0.255964,0.290529,0.625015,-0.032829,0.13449,0.003757,0.164061,0.85937,1.248545,1.126489,-0.015261,0.041799,0.105295,0.089604,-0.170961,1
-0.446129,-0.459674,-0.525929,-0.226292,-0.125003,-0.279371,-0.547243,-0.295312,-0.409797,-0.351231,-0.476388,-0.374955,-0.492592,-0.240446,-0.172651,-0.485055,-0.403858,-0.494467,-0.394377,-0.407714,-0.457879,0.21114,-0.488309,-0.487604,-0.50417,-0.338187,1
0.242133,0.414608,0.062141,-0.226292,-0.125003,-0.279371,0.156386,0.317421,0.308543,0.011,0.418698,0.69204,0.408365,0.597097,-0.021237,0.254888,0.485482,0.191756,0.125469,0.279028,0.061586,-0.137169,0.414531,0.475857,0.321654,0.121684,1
-0.446129,-0.459674,-0.525929,-0.226292,-0.125003,-0.279371,-0.423073,-0.142129,-0.218887,-0.327607,-0.398407,-0.421346,-0.443493,-0.426566,-0.173375,-0.457464,-0.477969,-0.442154,-0.394377,-0.407714,-0.431906,-0.32874,-0.397197,-0.367172,-0.42227,-0.254574,1
-0.962325,-1.115385,-0.966981,-0.896529,-0.125003,-0.89996,-1.168092,-0.754861,-0.75171,-0.713461,-0.652693,-0.217225,-0.634977,-0.649911,-0.217568,-0.705784,-0.552081,-0.728336,-0.66959,-0.771283,-0.691638,-0.398402,-0.703666,-0.72847,-0.688445,-0.658704,0
0.070068,0.196037,0.062141,0.443946,-0.125003,0.134354,0.777235,0.470604,-0.360182,-0.414227,-0.215321,-0.356398,-0.161177,-0.37073,-0.089337,-0.153962,-0.144467,-0.152894,-0.210902,-0.165334,-0.276066,-0.433233,-0.339216,-0.320851,-0.36767,-0.226703,1
-0.618194,-0.678244,-0.672946,-0.56141,-0.125003,-0.486234,-0.712803,-0.601678,-0.748474,-0.618966,-0.67134,-0.597632,-0.661982,-0.631299,-0.216119,-0.685718,-0.663248,-0.676023,-0.547273,-0.609697,-0.561772,-0.189416,-0.645685,-0.663621,-0.633845,-0.561155,0
0.414199,0.633178,0.356176,0.108827,-0.125003,-0.279371,0.570285,0.011054,-0.365575,-0.429976,-0.213626,-0.235781,-0.22746,-0.328853,-0.11904,-0.219177,-0.379154,-0.174435,0.09489,0.238631,-0.016334,-0.380986,-0.223255,-0.191155,-0.27212,-0.282445,1
-0.618194,-0.678244,-0.525929,-0.56141,-0.125003,-0.693097,-0.671413,-0.601678,-0.545699,-0.4536,-0.439093,-0.402789,-0.499957,-0.542891,-0.164682,-0.427365,-0.329746,-0.442154,-0.455535,-0.488507,-0.509826,-0.485479,-0.388914,-0.376436,-0.39497,-0.254574,0
0.070068,0.196037,-0.084876,0.108827,-0.125003,0.54808,0.114996,0.77697,0.345215,0.57797,0.22205,0.348746,0.167783,0.904195,-0.068328,0.071783,0.324907,0.007122,-0.058006,0.036648,-0.172173,0.193725,0.149477,0.197936,0.082779,0.093813,0
0.414199,0.633178,0.650211,0.108827,-0.125003,-0.072509,0.446115,-0.295312,0.206077,0.026749,0.523802,0.886883,0.531111,-0.152038,-0.007472,0.34017,0.386667,0.321,0.431261,0.682993,0.710917,-0.572557,0.397965,0.503649,0.533229,0.177426,1
0.070068,-0.022533,-0.084876,-0.226292,-0.125003,-0.072509,-0.009174,-0.142129,0.538283,0.601593,0.628907,0.469363,0.661222,0.248121,0.093228,0.764069,0.670761,0.770275,-0.058006,0.036648,0.00964,-0.398402,0.58019,0.494385,0.492279,0.177426,0
-0.101998,-0.241103,-0.084876,-0.226292,-0.125003,0.134354,-0.216124,-0.142129,1.347224,2.121387,1.473136,2.018825,1.304412,0.750646,0.222908,1.411206,1.621861,1.327254,0.614736,0.481011,0.89273,-0.433233,1.466465,1.596808,1.461429,1.208653,1
0.414199,0.633178,0.503194,0.443946,-0.125003,0.134354,0.487505,0.623787,4.17852,3.436442,4.412678,3.224993,4.193857,3.789063,0.843051,4.365962,3.672284,4.441412,0.981687,1.410132,1.126489,-0.293909,4.232966,4.691001,4.580452,4.358077,1
-0.274063,-0.241103,-0.084876,-0.226292,-0.125003,-0.072509,-0.298904,0.011054,-0.592079,-0.437851,-0.518769,-0.44918,-0.517141,-0.501014,-0.187864,-0.547762,-0.515025,-0.543702,-0.180323,-0.124938,0.061586,-0.259078,-0.496592,-0.496868,-0.429095,-0.435736,0
-0.79026,-0.896815,-0.819963,-0.56141,-0.125003,-0.693097,-0.961143,-0.754861,-0.806718,-0.705587,-0.740845,-0.773918,-0.723355,-0.654564,-0.232057,-0.750933,-0.811472,-0.719104,-0.63901,-0.730886,-0.665665,0.71619,-0.6871,-0.709942,-0.674795,-0.630833,0
0.414199,0.196037,0.503194,0.443946,-0.125003,0.341217,0.487505,0.77697,2.605938,2.034767,2.724221,2.343562,2.846104,2.560668,0.417789,2.379403,2.152995,2.382744,1.256899,0.72339,1.256356,-0.259078,2.419003,2.208235,2.785478,2.560397,1
-0.962325,-1.115385,-0.966981,-0.896529,-0.125003,-0.89996,-1.168092,-0.754861,-0.631986,-0.744959,-0.77475,-0.885256,-0.757724,-0.66387,-0.234955,-0.765983,-0.848528,-0.728336,-0.66959,-0.771283,-0.691638,-0.851205,-0.703666,-0.72847,-0.688445,-0.658704,0
-0.101998,-0.022533,-0.231894,0.443946,-0.125003,-0.89996,-0.257514,-0.295312,-0.807796,-0.721336,-0.737455,-0.8667,-0.723355,-0.654564,-0.22771,-0.728359,-0.836176,-0.685255,-0.516694,-0.5693,-0.561772,0.576866,-0.662251,-0.682149,-0.65432,-0.602962,0
-0.962325,-1.115385,-0.966981,-0.896529,-0.125003,-0.89996,-1.168092,-0.754861,-0.665423,-0.737085,-0.77475,-0.885256,-0.757724,-0.66387,-0.234955,-0.765983,-0.848528,-0.728336,-0.66959,-0.771283,-0.691638,-0.851205,-0.703666,-0.72847,-0.688445,-0.658704,0
-0.274063,-0.241103,-0.378911,-0.56141,-0.125003,-0.486234,-0.381684,-0.754861,-0.544621,-0.429976,-0.474693,-0.541963,-0.480317,-0.589422,-0.156712,-0.414823,-0.391506,-0.411381,-0.27206,-0.246128,-0.276066,-0.537726,-0.438612,-0.43202,-0.429095,-0.491478,1
-0.446129,-0.459674,-0.231894,-0.226292,-0.125003,-0.486234,-0.505853,-0.448495,-0.601786,-0.548095,-0.56115,-0.34712,-0.549055,-0.421913,-0.201629,-0.612978,-0.539729,-0.617556,-0.333219,-0.326921,-0.198146,0.089232,-0.562856,-0.570981,-0.510995,-0.505413,0
0.070068,0.196037,0.062141,0.108827,-0.125003,0.134354,0.280556,0.317421,0.593291,0.711838,0.801821,0.283799,0.815882,0.466812,0.928538,0.693837,0.53489,0.717962,-0.088585,-0.003748,-0.120227,-0.363571,0.588473,0.64261,0.526404,0.720911,1
-0.446129,-0.459674,-0.525929,-0.226292,-0.125003,-0.486234,-0.464463,-0.295312,0.180191,0.105495,0.306812,1.128116,0.199697,0.182979,-0.005299,0.239838,0.781929,0.099439,-0.333219,-0.326921,-0.405932,-0.311324,0.000384,0.058975,-0.060545,0.330717,1
0.242133,0.414608,0.209159,0.779065,-0.125003,0.341217,0.446115,1.083336,-0.596393,-0.508722,-0.573017,-0.690414,-0.56624,-0.366077,-0.19366,-0.572845,-0.613841,-0.549857,-0.363798,-0.367317,-0.328013,0.315633,-0.538007,-0.543189,-0.524645,-0.435736,0
-0.101998,-0.022533,-0.231894,0.443946,-0.125003,-0.89996,-0.257514,-0.295312,-0.807796,-0.721336,-0.737455,-0.8667,-0.723355,-0.654564,-0.22771,-0.728359,-0.836176,-0.685255,-0.516694,-0.5693,-0.561772,0.576866,-0.662251,-0.682149,-0.65432,-0.602962,0
0.414199,0.414608,0.356176,0.443946,-0.125003,-0.072509,0.860015,-0.601678,1.239365,0.892953,1.949497,0.831213,1.932873,-0.435872,13.530624,1.865205,1.276007,1.970395,0.706474,0.279028,0.477158,-0.781543,1.416767,1.28183,1.202079,1.12504,1
-0.618194,-0.678244,-0.672946,-0.56141,-0.125003,-0.693097,-0.878363,-0.754861,-0.777596,-0.681963,-0.720502,-0.76464,-0.738084,-0.598728,-0.223363,-0.710801,-0.700304,-0.697564,-0.577852,-0.650093,-0.613719,0.785852,-0.653968,-0.672885,-0.647495,-0.602962,0
-0.274063,-0.241103,-0.231894,0.108827,-0.125003,-0.072509,-0.257514,-0.142129,-0.325667,-0.256736,-0.349245,-0.458459,-0.367391,-0.482402,-0.143672,-0.334558,-0.317394,-0.331373,-0.394377,-0.407714,-0.353986,-0.468064,-0.314367,-0.293059,-0.31307,-0.198832,1
-0.446129,-0.459674,-0.525929,-0.56141,-0.125003,-0.693097,-0.671413,-0.601678,-0.737688,-0.618966,-0.657779,-0.736805,-0.666891,-0.635952,-0.209598,-0.640569,-0.650896,-0.62371,-0.547273,-0.609697,-0.587745,-0.293909,-0.571139,-0.589509,-0.57242,-0.505413,1
-0.101998,-0.022533,-0.231894,-0.226292,-0.125003,-0.072509,0.073606,-0.295312,1.347224,1.294556,1.546031,1.647696,1.544995,0.615709,0.304048,1.604344,1.893604,1.496502,0.033732,0.157838,-0.06828,-0.485479,1.085449,1.161397,0.881304,0.818459,1
0.75833,1.070319,0.650211,2.454658,-0.125003,3.237297,1.811983,0.164238,-0.720431,-0.54022,-0.652693,-0.773918,-0.634977,-0.635952,-0.204527,-0.63806,-0.700304,-0.608324,-0.363798,-0.367317,-0.405932,-0.311324,-0.620836,-0.635829,-0.61337,-0.519349,1
0.414199,0.633178,0.356176,0.108827,-0.125003,-0.279371,0.570285,0.011054,-0.365575,-0.429976,-0.213626,-0.235781,-0.22746,-0.328853,-0.11904,-0.219177,-0.379154,-0.174435,0.09489,0.238631,-0.016334,-0.380986,-0.223255,-0.191155,-0.27212,-0.282445,1
0.414199,0.633178,0.503194,0.443946,-0.125003,0.134354,0.487505,0.623787,4.17852,3.436442,4.412678,3.224993,4.193857,3.789063,0.843051,4.365962,3.672284,4.441412,0.981687,1.410132,1.126489,-0.293909,4.232966,4.691001,4.580452,4.358077,1
-0.618194,-0.678244,-0.525929,-0.56141,-0.125003,-0.486234,-0.754193,-0.601678,-0.707488,-0.55597,-0.630655,-0.644023,-0.659527,-0.621993,-0.202354,-0.605453,-0.601489,-0.592938,-0.486115,-0.528903,-0.509826,-0.346155,-0.54629,-0.552453,-0.551945,-0.449671,0
0.070068,-0.022533,-0.084876,-0.226292,-0.125003,-0.072509,-0.009174,-0.142129,0.538283,0.601593,0.628907,0.469363,0.661222,0.248121,0.093228,0.764069,0.670761,0.770275,-0.058006,0.036648,0.00964,-0.398402,0.58019,0.494385,0.492279,0.177426,0
-0.101998,-0.022533,-0.231894,0.108827,-0.125003,0.134354,0.114996,-0.142129,0.777729,0.924451,0.83064,1.47141,0.685772,0.862318,0.112064,0.769086,1.189543,0.647186,-0.149743,-0.124938,-0.22412,-0.224247,0.414531,0.512913,0.321654,0.720911,1
-0.618194,-0.678244,-0.672946,-0.56141,-0.125003,-0.486234,-0.671413,-0.448495,-0.710723,-0.579593,-0.637436,-0.486293,-0.634977,-0.61734,-0.206701,-0.648094,-0.552081,-0.65756,-0.577852,-0.650093,-0.613719,-0.293909,-0.637402,-0.654357,-0.633845,-0.589026,1
-0.618194,-0.678244,-0.525929,-0.56141,-0.125003,-0.693097,-0.505853,-0.754861,-0.808875,-0.721336,-0.747626,-0.848144,-0.733174,-0.631299,-0.226986,-0.733375,-0.79912,-0.700641,-0.608431,-0.69049,-0.613719,1.656626,-0.6871,-0.709942,-0.66797,-0.644768,0
-0.446129,-0.459674,-0.525929,-0.56141,-0.125003,-0.693097,-0.712803,-0.601678,-0.742002,-0.626841,-0.661169,-0.736805,-0.671801,-0.640605,-0.211047,-0.645585,-0.650896,-0.629865,-0.547273,-0.609697,-0.587745,-0.311324,-0.571139,-0.589509,-0.57242,-0.505413,1
-0.101998,-0.022533,-0.231894,0.443946,7.958548,-0.279371,-0.216124,-0.448495,-0.518735,-0.429976,-0.410274,-0.263616,-0.416489,-0.454484,-0.165406,-0.429873,-0.342098,-0.442154,-0.180323,-0.124938,-0.276066,-0.363571,-0.397197,-0.3857,-0.415445,-0.184897,1
-0.962325,-1.115385,-0.966981,-0.896529,-0.125003,-0.89996,-1.168092,-0.754861,-0.75171,-0.713461,-0.652693,-0.217225,-0.634977,-0.649911,-0.217568,-0.705784,-0.552081,-0.728336,-0.66959,-0.771283,-0.691638,-0.398402,-0.703666,-0.72847,-0.688445,-0.658704,0
0.75833,1.070319,0.944246,0.779065,-0.125003,1.168668,1.108354,2.615168,1.177886,1.097692,1.020507,0.599258,0.977907,1.778962,0.093953,0.826776,0.547242,0.877978,1.073424,1.531321,1.438168,0.036985,0.894942,1.040964,1.024629,0.874201,1
-0.446129,-0.459674,-0.525929,-0.56141,7.958548,0.134354,-0.547243,-0.295312,-0.396854,-0.209488,-0.359417,-0.616188,-0.259374,-0.356771,-0.18062,-0.540237,-0.576785,-0.519084,-0.424956,-0.44811,-0.405932,-0.276493,-0.54629,-0.552453,-0.538295,-0.505413,1
-0.274063,-0.678244,-0.378911,-0.226292,-0.125003,-0.486234,-0.505853,-0.448495,-0.649244,-0.55597,-0.557759,-0.384233,-0.553965,-0.538238,-0.207425,-0.612978,-0.638545,-0.592938,-0.180323,-0.488507,-0.250093,-0.259078,-0.529724,-0.617301,-0.538295,-0.477542,0
0.242133,0.414608,0.356176,0.443946,-0.125003,0.134354,-0.009174,0.470604,0.109004,0.294485,0.239002,0.061121,0.204606,0.299304,-0.048767,0.199706,0.053164,0.23176,1.042845,1.490925,0.97065,-0.206831,0.464229,0.577762,0.553704,0.497943,0
-0.618194,-0.678244,-0.672946,-0.56141,-0.125003,-0.279371,-0.588633,-0.754861,-0.674051,-0.516597,-0.583188,-0.523406,-0.610428,-0.659217,-0.183518,-0.555287,-0.477969,-0.562166,-0.577852,-0.650093,-0.587745,-0.589972,-0.595987,-0.608037,-0.592895,-0.533284,0
-0.101998,-0.022533,-0.084876,0.108827,-0.125003,0.341217,0.032216,0.317421,0.83813,1.113441,0.817078,0.719875,0.788878,0.792523,0.125105,0.861892,0.942504,0.822588,0.217207,0.400218,0.217426,-0.241662,0.621605,0.753779,0.683379,0.818459,1
-0.618194,-0.678244,-0.525929,-0.56141,-0.125003,-0.693097,-0.671413,-0.754861,-0.356946,-0.359105,-0.378064,-0.412068,-0.441038,-0.477749,-0.153815,-0.387232,-0.366802,-0.383686,-0.363798,-0.367317,-0.379959,-0.433233,-0.347499,-0.330115,-0.35402,-0.338187,1
-0.446129,-0.459674,-0.525929,-0.226292,-0.125003,-0.279371,-0.423073,-0.142129,-0.218887,-0.327607,-0.398407,-0.421346,-0.443493,-0.426566,-0.173375,-0.457464,-0.477969,-0.442154,-0.394377,-0.407714,-0.431906,-0.32874,-0.397197,-0.367172,-0.42227,-0.254574,1
2.823116,3.693163,2.855473,-0.56141,-0.125003,1.168668,2.308663,-0.754861,-0.698859,-0.603217,-0.63235,-0.857422,-0.590789,-0.552197,-0.201629,-0.602944,-0.79912,-0.540625,0.003152,0.117442,-0.016334,-0.015261,-0.521441,-0.524661,-0.510995,-0.644768,0
0.242133,0.414608,0.062141,-0.226292,-0.125003,-0.279371,0.156386,0.317421,0.308543,0.011,0.418698,0.69204,0.408365,0.597097,-0.021237,0.254888,0.485482,0.191756,0.125469,0.279028,0.061586,-0.137169,0.414531,0.475857,0.321654,0.121684,1
-0.274063,-0.241103,-0.378911,0.108827,-0.125003,-0.279371,-0.340294,-0.754861,-0.542464,-0.4536,-0.435702,-0.142999,-0.421399,-0.505667,-0.169028,-0.462481,-0.35445,-0.47908,-0.302639,-0.286524,-0.353986,-0.415817,-0.446894,-0.441284,-0.456395,-0.310316,0
-0.618194,-0.678244,-0.525929,-0.56141,-0.125003,-0.693097,-0.671413,-0.754861,-0.356946,-0.359105,-0.378064,-0.412068,-0.441038,-0.477749,-0.153815,-0.387232,-0.366802,-0.383686,-0.363798,-0.367317,-0.379959,-0.433233,-0.347499,-0.330115,-0.35402,-0.338187,1
-0.274063,-0.241103,-0.231894,0.108827,-0.125003,0.341217,-0.174734,1.083336,-0.665423,-0.571719,-0.654388,-0.671858,-0.661982,-0.459137,-0.208874,-0.648094,-0.700304,-0.620633,-0.455535,-0.488507,-0.457879,0.629112,-0.612553,-0.626565,-0.592895,-0.533284,1
-0.618194,-0.678244,-0.672946,-0.56141,-0.125003,-0.89996,-0.795583,-0.754861,-0.716116,-0.618966,-0.630655,-0.690414,-0.644797,-0.640605,-0.202354,-0.620502,-0.650896,-0.599092,-0.547273,-0.609697,-0.587745,-0.415817,-0.587704,-0.598773,-0.592895,-0.505413,0
0.070068,-0.022533,0.062141,0.108827,-0.125003,-0.279371,-0.298904,-0.448495,-0.531678,-0.343356,-0.49334,-0.096608,-0.465588,-0.138079,-0.191487,-0.540237,-0.601489,-0.51293,-0.119164,-0.246128,-0.22412,0.507204,-0.446894,-0.487604,-0.46322,-0.4218,0
-0.79026,-0.896815,-0.819963,-0.56141,-0.125003,-0.693097,-0.795583,-0.601678,-0.745238,-0.64259,-0.678121,-0.597632,-0.718445,-0.640605,-0.222639,-0.708292,-0.712656,-0.691409,-0.63901,-0.730886,-0.665665,-0.206831,-0.653968,-0.672885,-0.647495,-0.575091,0
-0.79026,-0.896815,-0.819963,-0.56141,-0.125003,-0.693097,-0.795583,-0.601678,-0.745238,-0.64259,-0.678121,-0.597632,-0.718445,-0.640605,-0.222639,-0.708292,-0.712656,-0.691409,-0.63901,-0.730886,-0.665665,-0.206831,-0.653968,-0.672885,-0.647495,-0.575091,0
-0.962325,-1.115385,-0.966981,-0.896529,-0.125003,-0.89996,-1.168092,-0.754861,-0.75171,-0.713461,-0.652693,-0.217225,-0.634977,-0.649911,-0.217568,-0.705784,-0.552081,-0.728336,-0.66959,-0.771283,-0.691638,-0.398402,-0.703666,-0.72847,-0.688445,-0.658704,0
-0.962325,-1.115385,-0.966981,-0.896529,-0.125003,-0.89996,-1.168092,-0.754861,-0.631986,-0.744959,-0.77475,-0.885256,-0.757724,-0.66387,-0.234955,-0.765983,-0.848528,-0.728336,-0.66959,-0.771283,-0.691638,-0.851205,-0.703666,-0.72847,-0.688445,-0.658704,0
-0.446129,-0.459674,-0.378911,-0.226292,-0.125003,0.134354,-0.009174,1.849252,-0.462648,-0.461475,-0.537417,-0.430624,-0.534326,0.080612,-0.168304,-0.502613,-0.477969,-0.497544,-0.455535,-0.488507,-0.483852,1.343147,-0.595987,-0.608037,-0.592895,-0.519349,0
0.242133,-0.241103,0.062141,0.443946,-0.125003,0.341217,0.280556,0.317421,1.265252,1.499295,0.68485,1.21162,0.663677,0.708769,0.061352,0.606048,0.547242,0.607182,1.62385,0.117442,1.256356,-0.224247,0.455946,0.058975,0.280704,0.525814,0
-0.79026,-0.896815,-0.819963,-0.56141,-0.125003,-0.89996,-1.002533,-0.754861,-0.827211,-0.72921,-0.766274,-0.8667,-0.752814,-0.668523,-0.233506,-0.758458,-0.823824,-0.725259,-0.63901,-0.730886,-0.665665,4.373443,-0.695383,-0.719206,-0.68162,-0.644768,0
-0.446129,-0.459674,-0.525929,-0.56141,-0.125003,-0.279371,-0.257514,-0.295312,-0.479905,-0.414227,-0.359417,-0.291451,-0.352661,-0.449831,-0.130632,-0.329542,-0.070355,-0.386764,-0.455535,-0.488507,-0.483852,-0.415817,-0.430329,-0.422756,-0.442745,-0.393929,0
-0.101998,-0.022533,-0.084876,0.108827,-0.125003,0.54808,0.114996,0.623787,1.438904,1.916648,1.362945,2.306449,1.338781,1.257824,0.149737,1.019914,1.48599,0.881056,0.125469,0.279028,0.165479,-0.259078,0.828678,0.93906,0.915429,1.12504,0
-0.618194,-0.678244,-0.672946,-0.56141,-0.125003,-0.486234,-0.712803,-0.601678,-0.748474,-0.618966,-0.67134,-0.597632,-0.661982,-0.631299,-0.216119,-0.685718,-0.663248,-0.676023,-0.547273,-0.609697,-0.561772,-0.189416,-0.645685,-0.663621,-0.633845,-0.561155,0
0.070068,0.196037,-0.084876,0.443946,-0.125003,-0.072509,0.156386,0.011054,-0.665423,-0.595342,-0.606921,-0.644023,-0.605518,-0.519626,-0.186416,-0.552779,-0.539729,-0.543702,-0.394377,-0.407714,-0.457879,-0.032676,-0.54629,-0.552453,-0.55877,-0.477542,0
0.070068,0.196037,0.062141,-0.226292,-0.125003,-0.486234,0.156386,-0.754861,-0.283602,-0.398478,-0.10174,-0.003826,-0.085074,-0.46379,-0.100929,-0.138912,-0.156819,-0.131353,0.247786,0.440614,0.217426,-0.589972,-0.148709,-0.107778,-0.19022,-0.212768,1
0.070068,0.196037,0.650211,-0.56141,-0.125003,-0.072509,0.280556,0.623787,-0.238301,-0.280359,-0.128864,-0.282173,-0.156267,-0.110161,-0.105275,-0.15647,-0.23093,-0.134431,0.033732,0.157838,0.89273,-0.241662,-0.12386,-0.079986,0.157854,-0.366058,1
-0.962325,-1.115385,-0.966981,-0.896529,-0.125003,-0.89996,-1.168092,-0.754861,-0.797011,-0.737085,-0.77475,-0.885256,-0.757724,-0.66387,-0.234955,-0.765983,-0.848528,-0.728336,-0.66959,-0.771283,-0.691638,-0.851205,-0.703666,-0.72847,-0.688445,-0.658704,0
-0.79026,-0.896815,-0.819963,-0.56141,-0.125003,-0.693097,-0.795583,-0.601678,-0.745238,-0.64259,-0.678121,-0.597632,-0.718445,-0.640605,-0.222639,-0.708292,-0.712656,-0.691409,-0.63901,-0.730886,-0.665665,-0.206831,-0.653968,-0.672885,-0.647495,-0.575091,0
0.242133,0.196037,0.209159,0.108827,-0.125003,0.341217,0.239166,0.623787,1.024726,1.089817,1.074755,1.165229,1.06874,1.225253,0.154083,1.050013,1.164839,0.99799,0.09489,0.238631,0.00964,-0.172,0.936356,0.976116,0.894954,0.943879,1
-0.618194,-0.678244,-0.525929,-0.56141,-0.125003,-0.693097,-0.505853,-0.754861,-0.808875,-0.721336,-0.747626,-0.848144,-0.733174,-0.631299,-0.226986,-0.733375,-0.79912,-0.700641,-0.608431,-0.69049,-0.613719,1.656626,-0.6871,-0.709942,-0.66797,-0.644768,0
0.586264,0.851748,0.797229,0.108827,-0.125003,1.582394,0.901405,2.308802,1.164943,1.278807,0.986602,1.295124,1.135023,1.625412,0.081637,0.721428,0.880744,0.665649,1.134583,1.612114,1.697901,0.002154,0.679585,0.800099,0.881304,0.274975,1
0.070068,0.196037,-0.084876,0.443946,-0.125003,-0.072509,0.156386,0.011054,-0.665423,-0.595342,-0.606921,-0.644023,-0.605518,-0.519626,-0.186416,-0.552779,-0.539729,-0.543702,-0.394377,-0.407714,-0.457879,-0.032676,-0.54629,-0.552453,-0.55877,-0.477542,0
0.070068,0.196037,0.062141,0.108827,-0.125003,0.134354,0.197776,-0.142129,1.022569,1.074068,1.117136,1.527079,1.083469,0.350487,0.228703,1.205527,1.621861,1.074921,0.156048,0.319424,0.269372,-0.485479,0.845244,0.994644,0.894954,0.874201,1
-0.962325,-1.115385,-0.966981,-0.896529,-0.125003,-0.89996,-1.168092,-0.754861,-0.806718,-0.713461,-0.73915,-0.690414,-0.718445,-0.649911,-0.229884,-0.748425,-0.762064,-0.728336,-0.66959,-0.771283,-0.691638,0.71619,-0.703666,-0.72847,-0.688445,-0.658704,0
-0.618194,-0.678244,-0.672946,-0.56141,-0.125003,-0.89996,-0.795583,-0.754861,-0.716116,-0.618966,-0.630655,-0.690414,-0.644797,-0.640605,-0.202354,-0.620502,-0.650896,-0.599092,-0.547273,-0.609697,-0.587745,-0.415817,-0.587704,-0.598773,-0.592895,-0.505413,0
0.070068,0.196037,-0.084876,0.108827,-0.125003,0.54808,0.114996,0.77697,0.345215,0.57797,0.22205,0.348746,0.167783,0.904195,-0.068328,0.071783,0.324907,0.007122,-0.058006,0.036648,-0.172173,0.193725,0.149477,0.197936,0.082779,0.093813,0
6.952688,5.878867,6.236876,5.135608,-0.125003,3.651022,4.17121,0.77697,0.502689,0.829956,0.79504,0.246686,0.89444,-0.198569,0.173644,1.308367,0.411371,1.502656,5.568565,5.692167,5.100397,-0.624803,1.971724,1.37447,1.673004,1.111105,0
0.070068,-0.022533,-0.084876,-0.226292,-0.125003,0.134354,0.114996,0.470604,0.602998,0.499224,0.466164,0.302355,0.494287,0.485424,0.046138,0.530799,0.47313,0.533329,0.156048,0.319424,0.087559,-0.224247,0.381399,0.373953,0.260229,0.093813,1
-0.274063,-0.241103,-0.378911,-0.226292,-0.125003,-0.279371,-0.505853,-0.601678,-0.644929,-0.54022,-0.574712,-0.44918,-0.56133,-0.496361,-0.197283,-0.590403,-0.539729,-0.589861,-0.27206,-0.246128,-0.302039,-0.084923,-0.521441,-0.524661,-0.51782,-0.477542,0
-0.101998,-0.241103,-0.084876,-0.226292,-0.125003,0.134354,-0.216124,-0.142129,1.347224,2.121387,1.473136,2.018825,1.304412,0.750646,0.222908,1.411206,1.621861,1.327254,0.614736,0.481011,0.89273,-0.433233,1.466465,1.596808,1.461429,1.208653,1
-0.274063,-0.241103,-0.378911,-0.56141,-0.125003,-0.486234,-0.381684,-0.754861,-0.544621,-0.429976,-0.474693,-0.541963,-0.480317,-0.589422,-0.156712,-0.414823,-0.391506,-0.411381,-0.27206,-0.246128,-0.276066,-0.537726,-0.438612,-0.43202,-0.429095,-0.491478,1
-0.101998,-0.022533,0.209159,0.443946,-0.125003,-0.072509,-0.091954,1.083336,-0.463727,-0.4536,-0.515379,-0.430624,-0.509776,-0.175303,-0.182069,-0.520171,-0.440913,-0.528316,-0.210902,-0.165334,0.035613,0.524619,-0.496592,-0.496868,-0.415445,-0.366058,1
-0.274063,-0.678244,-0.378911,-0.226292,-0.125003,-0.486234,-0.505853,-0.448495,-0.649244,-0.55597,-0.557759,-0.384233,-0.553965,-0.538238,-0.207425,-0.612978,-0.638545,-0.592938,-0.180323,-0.488507,-0.250093,-0.259078,-0.529724,-0.617301,-0.538295,-0.477542,0
0.242133,0.414608,0.062141,-0.56141,-0.125003,0.754943,0.446115,-0.142129,-0.22428,-0.571719,-0.642521,-0.76464,-0.630068,-0.449831,-0.194385,-0.592911,-0.687952,-0.556011,-0.302639,-0.286524,-0.379959,0.524619,-0.587704,-0.598773,-0.592895,-0.630833,0
-0.618194,-0.678244,-0.672946,-0.56141,-0.125003,-0.486234,-0.712803,-0.448495,-0.749553,-0.666214,-0.693379,-0.671858,-0.684076,-0.547544,-0.224812,-0.715817,-0.725008,-0.697564,-0.577852,-0.650093,-0.613719,0.629112,-0.653968,-0.672885,-0.64067,-0.616897,1
1.102461,0.851748,1.091264,1.114183,-0.125003,0.341217,1.273914,0.164238,3.187297,2.129262,3.970221,3.252827,4.174218,1.183376,0.753941,4.095068,2.622368,4.370635,3.458601,1.531321,3.074483,-0.589972,3.992761,3.264337,3.727328,3.285043,1
3.339313,1.288889,2.855473,2.789777,-0.125003,3.237297,1.770593,0.930153,-0.425976,-0.114993,-0.415359,-0.746083,-0.330567,-0.207875,-0.137876,-0.241752,-0.712656,-0.119044,1.379216,0.238631,1.074543,0.089232,-0.082445,-0.422756,-0.156095,-0.198832,0
-0.962325,-1.115385,-0.966981,-0.896529,-0.125003,-0.89996,-1.168092,-0.754861,-0.106714,-0.744959,-0.77475,-0.885256,-0.757724,-0.66387,-0.234955,-0.765983,-0.848528,-0.728336,-0.66959,-0.771283,-0.691638,-0.851205,-0.703666,-0.72847,-0.688445,-0.658704,0
-0.618194,-0.678244,-0.672946,-0.56141,-0.125003,-0.279371,-0.588633,-0.754861,-0.674051,-0.516597,-0.583188,-0.523406,-0.610428,-0.659217,-0.183518,-0.555287,-0.477969,-0.562166,-0.577852,-0.650093,-0.587745,-0.589972,-0.595987,-0.608037,-0.592895,-0.533284,0
0.414199,0.633178,0.650211,0.443946,-0.125003,0.54808,0.280556,1.23652,2.480821,2.751353,2.063078,2.046659,1.952512,3.779757,0.361281,2.116033,2.437089,1.988859,0.400682,0.642597,0.658971,0.158894,2.220212,2.541741,2.744528,2.100525,0
-0.446129,-0.459674,-0.525929,-0.56141,-0.125003,-0.89996,-0.588633,0.011054,-0.545699,-0.563844,-0.503512,-0.467737,-0.56624,-0.282323,-0.173375,-0.480039,-0.428561,-0.482158,-0.424956,-0.44811,-0.405932,0.21114,-0.46346,-0.459812,-0.46322,-0.407865,0
0.75833,1.070319,1.238281,-0.56141,-0.125003,1.168668,1.232524,4.912915,-0.190844,-0.288234,-0.296693,-0.142999,-0.24219,0.131795,-0.140774,-0.344591,-0.440913,-0.31291,0.217207,0.400218,0.607024,0.298218,-0.388914,-0.376436,-0.278945,-0.561155,1
0.414199,0.196037,0.209159,0.443946,-0.125003,2.409845,1.025574,0.011054,-0.121814,0.081871,-0.23736,-0.569797,-0.146448,-0.46379,-0.094408,-0.158979,-0.440913,-0.085195,0.553578,0.238631,0.373265,-0.52031,-0.306084,-0.422756,-0.35402,-0.324252,1
-0.101998,-0.022533,-0.231894,0.443946,-0.125003,-0.89996,-0.257514,-0.295312,-0.807796,-0.721336,-0.737455,-0.8667,-0.723355,-0.654564,-0.22771,-0.728359,-0.836176,-0.685255,-0.516694,-0.5693,-0.561772,0.576866,-0.662251,-0.682149,-0.65432,-0.602962,0
0.414199,-0.022533,0.209159,1.114183,-0.125003,-0.693097,0.528895,-0.754861,-0.584528,-0.658339,-0.42214,-0.402789,-0.414034,-0.584769,-0.149468,-0.367166,-0.206227,-0.399072,-0.302639,-0.44811,-0.379959,-0.572557,-0.372348,-0.506132,-0.401795,-0.198832,0
-0.101998,-0.022533,-0.084876,-0.226292,-0.125003,-0.072509,-0.216124,-0.448495,0.382966,0.743336,0.639078,0.84977,0.604759,-0.235793,0.0983,0.79166,0.991912,0.724117,1.195741,1.490925,1.074543,-0.624803,0.646454,0.735251,0.567354,0.442201,0
0.070068,0.196037,0.209159,0.108827,-0.125003,0.134354,0.073606,-0.295312,1.415175,1.570167,1.446012,1.508523,1.336326,0.922808,0.17944,1.21556,1.473638,1.124157,0.308944,0.521407,0.866757,-0.380986,1.242825,1.448583,1.502379,1.097169,1
0.242133,0.414608,0.062141,0.108827,-0.125003,-0.072509,0.818625,-0.601678,-0.749553,-0.689837,-0.693379,-0.811031,-0.676711,-0.584769,-0.211772,-0.66816,-0.762064,-0.629865,-0.455535,-0.488507,-0.509826,0.350464,-0.645685,-0.663621,-0.64067,-0.616897,0
-0.446129,-0.459674,-0.378911,-0.226292,-0.125003,-0.693097,-0.505853,-0.601678,-0.374204,-0.414227,-0.333988,-0.319285,-0.372301,-0.46379,-0.136427,-0.286901,-0.243282,-0.291369,-0.455535,-0.488507,-0.431906,-0.450648,-0.26467,-0.256003,-0.265295,-0.170961,0
0.242133,0.414608,0.209159,-0.226292,-0.125003,-0.279371,0.446115,0.317421,-0.200551,-0.36698,-0.176331,-0.477015,-0.151357,-0.179956,-0.108173,-0.166503,-0.35445,-0.115967,0.033732,0.157838,0.00964,-0.259078,-0.173557,-0.163362,-0.197045,-0.393929,1
-0.101998,-0.022533,-0.084876,-0.226292,-0.125003,-0.279371,0.032216,0.470604,1.445376,1.011071,1.466355,1.796148,1.36824,1.46721,0.24754,1.646985,3.363485,1.182624,0.217207,0.400218,0.191452,-0.224247,0.994337,1.040964,0.874479,0.581556,1
-0.274063,-0.241103,-0.378911,0.108827,-0.125003,-0.279371,-0.340294,-0.754861,-0.542464,-0.4536,-0.435702,-0.142999,-0.421399,-0.505667,-0.169028,-0.462481,-0.35445,-0.47908,-0.302639,-0.286524,-0.353986,-0.415817,-0.446894,-0.441284,-0.456395,-0.310316,0
0.75833,1.070319,0.650211,2.454658,-0.125003,3.237297,1.811983,0.164238,-0.720431,-0.54022,-0.652693,-0.773918,-0.634977,-0.635952,-0.204527,-0.63806,-0.700304,-0.608324,-0.363798,-0.367317,-0.405932,-0.311324,-0.620836,-0.635829,-0.61337,-0.519349,1
-0.79026,-0.896815,-0.819963,-0.56141,-0.125003,-0.89996,-0.795583,-0.754861,-0.816425,-0.72921,-0.759493,-0.829587,-0.755269,-0.668523,-0.23423,-0.760966,-0.836176,-0.725259,-0.63901,-0.730886,-0.665665,2.057183,-0.695383,-0.719206,-0.68162,-0.644768,0
-0.618194,-0.678244,-0.525929,-0.56141,-0.125003,-0.693097,-0.505853,-0.754861,-0.808875,-0.721336,-0.747626,-0.848144,-0.733174,-0.631299,-0.226986,-0.733375,-0.79912,-0.700641,-0.608431,-0.69049,-0.613719,1.656626,-0.6871,-0.709942,-0.66797,-0.644768,0
-0.274063,-0.241103,-0.378911,0.108827,-0.125003,-0.486234,-0.381684,-0.601678,-0.516577,-0.4536,-0.401798,-0.523406,-0.443493,-0.482402,-0.151641,-0.372183,-0.403858,-0.355991,-0.424956,-0.44811,-0.457879,-0.415817,-0.355782,-0.339379,-0.39497,-0.157026,0
-0.618194,-0.678244,-0.672946,-0.56141,-0.125003,-0.693097,-0.836973,-0.754861,-0.709645,-0.611092,-0.645912,-0.588354,-0.642342,-0.561504,-0.216119,-0.675685,-0.663248,-0.663714,-0.577852,-0.650093,-0.613719,0.01957,-0.612553,-0.626565,-0.606545,-0.561155,1
-0.274063,-0.241103,-0.084876,-0.226292,-0.125003,0.134354,-0.091954,1.083336,-0.267423,-0.17799,-0.283131,-0.532684,-0.252009,0.048041,-0.114693,-0.226702,-0.41621,-0.174435,-0.302639,-0.286524,-0.120227,0.158894,-0.297802,-0.274531,-0.265295,-0.296381,1
0.242133,-0.241103,0.062141,0.443946,-0.125003,0.341217,0.280556,0.317421,1.265252,1.499295,0.68485,1.21162,0.663677,0.708769,0.061352,0.606048,0.547242,0.607182,1.62385,0.117442,1.256356,-0.224247,0.455946,0.058975,0.280704,0.525814,0
0.414199,0.196037,0.209159,0.443946,-0.125003,2.409845,1.025574,0.011054,-0.121814,0.081871,-0.23736,-0.569797,-0.146448,-0.46379,-0.094408,-0.158979,-0.440913,-0.085195,0.553578,0.238631,0.373265,-0.52031,-0.306084,-0.422756,-0.35402,-0.324252,1
1.102461,1.50746,0.944246,1.449302,-0.125003,-0.279371,0.694455,-0.754861,-0.662187,-0.64259,-0.545893,-0.718249,-0.524506,-0.603381,-0.176273,-0.487564,-0.626193,-0.442154,-0.180323,-0.124938,-0.250093,-0.485479,-0.397197,-0.3857,-0.415445,-0.352123,0
0.414199,0.633178,0.356176,0.779065,-0.125003,1.168668,0.611675,1.23652,4.355409,5.294842,4.382164,3.503339,4.471264,4.286936,0.714096,3.904439,4.154009,3.755189,0.798211,1.167752,0.918703,-0.224247,3.984478,4.496456,3.713678,5.068787,1
0.070068,0.196037,0.062141,0.108827,-0.125003,0.134354,0.280556,0.317421,0.593291,0.711838,0.801821,0.283799,0.815882,0.466812,0.928538,0.693837,0.53489,0.717962,-0.088585,-0.003748,-0.120227,-0.363571,0.588473,0.64261,0.526404,0.720911,1
1.962789,2.381741,2.414421,2.119539,-0.125003,1.99612,2.225883,3.68745,1.229658,0.979573,1.210374,0.404415,1.397699,1.509087,0.168573,1.177936,0.633706,1.28725,3.152809,4.278288,3.671868,-0.137169,1.209693,1.383734,1.468254,1.194718,1
0.242133,0.414608,0.209159,-0.226292,-0.125003,-0.279371,0.446115,0.317421,-0.200551,-0.36698,-0.176331,-0.477015,-0.151357,-0.179956,-0.108173,-0.166503,-0.35445,-0.115967,0.033732,0.157838,0.00964,-0.259078,-0.173557,-0.163362,-0.197045,-0.393929,1
0.414199,0.414608,0.356176,0.443946,-0.125003,-0.072509,0.860015,-0.601678,1.239365,0.892953,1.949497,0.831213,1.932873,-0.435872,13.530624,1.865205,1.276007,1.970395,0.706474,0.279028,0.477158,-0.781543,1.416767,1.28183,1.202079,1.12504,1
-0.618194,-0.678244,-0.672946,-0.56141,-0.125003,-0.693097,-0.836973,-0.754861,-0.635222,-0.650465,-0.669645,-0.532684,-0.639887,-0.161344,-0.222639,-0.705784,-0.712656,-0.688332,-0.577852,-0.650093,-0.613719,2.631894,-0.645685,-0.663621,-0.64067,-0.602962,0
-0.446129,-0.459674,-0.525929,-0.226292,-0.125003,0.134354,-0.381684,-0.754861,-0.752788,-0.587468,-0.676426,-0.76464,-0.674256,-0.66387,-0.219017,-0.688226,-0.762064,-0.654483,-0.547273,-0.609697,-0.587745,-0.363571,-0.629119,-0.645093,-0.62702,-0.575091,0
-0.446129,-0.459674,-0.378911,-0.226292,-0.125003,0.134354,-0.009174,1.849252,-0.462648,-0.461475,-0.537417,-0.430624,-0.534326,0.080612,-0.168304,-0.502613,-0.477969,-0.497544,-0.455535,-0.488507,-0.483852,1.343147,-0.595987,-0.608037,-0.592895,-0.519349,0
-0.618194,-0.678244,-0.672946,-0.56141,-0.125003,-0.279371,-0.588633,-0.754861,-0.674051,-0.516597,-0.583188,-0.523406,-0.610428,-0.659217,-0.183518,-0.555287,-0.477969,-0.562166,-0.577852,-0.650093,-0.587745,-0.589972,-0.595987,-0.608037,-0.592895,-0.533284,0
-0.618194,-0.678244,-0.672946,-0.56141,-0.125003,-0.486234,-0.671413,-0.448495,-0.710723,-0.579593,-0.637436,-0.486293,-0.634977,-0.61734,-0.206701,-0.648094,-0.552081,-0.65756,-0.577852,-0.650093,-0.613719,-0.293909,-0.637402,-0.654357,-0.633845,-0.589026,1
-0.79026,-0.896815,-0.819963,-0.56141,-0.125003,-0.693097,-0.795583,-0.754861,-0.742002,-0.595342,-0.66795,-0.588354,-0.664436,-0.61734,-0.217568,-0.690734,-0.663248,-0.682178,-0.608431,-0.69049,-0.639692,-0.137169,-0.645685,-0.663621,-0.64067,-0.589026,0
-0.101998,-0.022533,0.062141,0.108827,-0.125003,-0.072509,0.114996,0.623787,-0.523049,-0.477224,-0.461131,-0.569797,-0.458223,-0.3242,-0.166855,-0.454956,-0.502673,-0.432922,-0.210902,-0.205731,-0.06828,-0.015261,-0.455177,-0.469076,-0.42227,-0.393929,1
-0.618194,-0.678244,-0.672946,-0.56141,-0.125003,-0.89996,-0.795583,-0.754861,-0.716116,-0.618966,-0.630655,-0.690414,-0.644797,-0.640605,-0.202354,-0.620502,-0.650896,-0.599092,-0.547273,-0.609697,-0.587745,-0.415817,-0.587704,-0.598773,-0.592895,-0.505413,0
0.070068,-0.022533,-0.084876,-0.226292,-0.125003,0.134354,0.114996,0.470604,0.602998,0.499224,0.466164,0.302355,0.494287,0.485424,0.046138,0.530799,0.47313,0.533329,0.156048,0.319424,0.087559,-0.224247,0.381399,0.373953,0.260229,0.093813,1
-0.79026,-0.896815,-0.819963,-0.56141,-0.125003,-0.693097,-0.795583,-0.754861,-0.782989,-0.705587,-0.728979,-0.718249,-0.750359,-0.61734,-0.232057,-0.748425,-0.79912,-0.719104,-0.63901,-0.730886,-0.665665,0.820683,-0.678817,-0.700678,-0.66797,-0.616897,0
0.070068,0.196037,0.209159,0.108827,-0.125003,0.54808,0.239166,0.470604,1.037669,1.113441,0.822164,1.128116,0.89935,0.704116,0.093953,0.786644,0.646058,0.804125,0.247786,0.440614,0.243399,-0.276493,0.687868,0.827891,0.676554,0.539749,1
-0.101998,-0.241103,-0.084876,-0.226292,-0.125003,0.134354,-0.216124,-0.142129,1.347224,2.121387,1.473136,2.018825,1.304412,0.750646,0.222908,1.411206,1.621861,1.327254,0.614736,0.481011,0.89273,-0.433233,1.466465,1.596808,1.461429,1.208653,1
-0.962325,-1.115385,-0.966981,-0.896529,-0.125003,-0.89996,-1.168092,-0.754861,-0.036605,-0.72921,-0.77475,-0.885256,-0.757724,-0.631299,-0.234955,-0.765983,-0.848528,-0.728336,-0.66959,-0.771283,-0.691638,-0.851205,-0.703666,-0.72847,-0.688445,-0.658704,1
0.414199,0.633178,0.650211,0.108827,-0.125003,-0.072509,0.446115,-0.295312,0.206077,0.026749,0.523802,0.886883,0.531111,-0.152038,-0.007472,0.34017,0.386667,0.321,0.431261,0.682993,0.710917,-0.572557,0.397965,0.503649,0.533229,0.177426,1
1.102461,1.288889,1.679334,2.119539,-0.125003,1.375531,1.149744,-0.142129,-0.52197,-0.398478,-0.459436,-0.551241,-0.423854,-0.356771,-0.176998,-0.475022,-0.601489,-0.432922,-0.058006,-0.084541,0.269372,-0.084923,-0.413763,-0.43202,-0.32672,-0.26851,0
0.070068,0.196037,0.062141,0.108827,-0.125003,-0.072509,0.073606,-0.142129,0.101454,-0.012624,0.247479,0.422972,0.231611,-0.310241,-0.03138,0.162082,0.460778,0.084053,-0.058006,0.036648,-0.06828,-0.589972,0.190892,0.272048,0.151029,0.274975,1
1.102461,1.50746,1.238281,0.443946,-0.125003,-0.072509,1.066964,0.164238,1.570492,0.672465,2.057993,1.656974,1.977061,0.769258,0.306221,1.900321,1.572453,1.939623,1.532112,2.13727,1.256356,-0.52031,2.170514,2.467628,2.198528,1.320137,1
0.070068,0.196037,-0.084876,0.443946,-0.125003,-0.072509,0.156386,0.011054,-0.665423,-0.595342,-0.606921,-0.644023,-0.605518,-0.519626,-0.186416,-0.552779,-0.539729,-0.543702,-0.394377,-0.407714,-0.457879,-0.032676,-0.54629,-0.552453,-0.55877,-0.477542,0
-0.962325,-1.115385,-0.966981,-0.896529,-0.125003,-0.89996,-1.168092,-0.754861,-0.722588,-0.737085,-0.77475,-0.885256,-0.757724,-0.66387,-0.234955,-0.765983,-0.848528,-0.728336,-0.66959,-0.771283,-0.691638,-0.851205,-0.703666,-0.72847,-0.688445,-0.658704,0
-0.618194,-0.678244,-0.672946,-0.56141,-0.125003,-0.693097,-0.671413,0.164238,0.557697,0.018875,-0.122083,0.088956,-0.158722,2.858461,0.011364,-0.088747,0.127276,-0.140585,-0.302639,-0.286524,-0.353986,2.649309,-0.272953,-0.246739,-0.32672,-0.198832,0
0.586264,0.851748,0.356176,0.108827,-0.125003,0.134354,0.487505,-0.754861,-0.427055,-0.382729,-0.405188,-0.532684,-0.369846,-0.361424,-0.132805,-0.296934,-0.428561,-0.25752,-0.180323,-0.124938,-0.276066,-0.206831,-0.32265,-0.302323,-0.36767,-0.449671,1
1.962789,1.72603,2.120386,1.784421,-0.125003,0.54808,2.267273,-0.295312,-0.454019,-0.485098,-0.320426,-0.430624,-0.254464,-0.533585,-0.130632,-0.27436,-0.41621,-0.232902,0.737053,0.561804,0.762864,-0.572557,-0.281236,-0.376436,-0.265295,-0.310316,0
0.75833,0.633178,0.650211,1.114183,-0.125003,0.341217,0.073606,-0.448495,-0.615808,-0.327607,-0.550979,-0.560519,-0.56624,-0.598728,-0.171926,-0.452448,-0.465617,-0.439076,0.033732,-0.165334,-0.06828,-0.450648,-0.380631,-0.441284,-0.388145,-0.310316,0
0.242133,0.196037,0.209159,0.443946,-0.125003,-0.072509,-0.091954,-0.601678,-0.276052,0.089746,-0.235664,-0.08733,-0.293743,-0.46379,-0.100929,-0.123863,-0.070355,-0.134431,0.247786,0.440614,0.165479,-0.52031,-0.090728,-0.13557,-0.10832,0.038071,0
-0.446129,-0.459674,-0.525929,-0.56141,-0.125003,-0.693097,-0.671413,-0.601678,-0.737688,-0.618966,-0.657779,-0.736805,-0.666891,-0.635952,-0.209598,-0.640569,-0.650896,-0.62371,-0.547273,-0.609697,-0.587745,-0.293909,-0.571139,-0.589509,-0.57242,-0.505413,1
0.070068,0.196037,0.209159,0.443946,-0.125003,0.54808,0.239166,1.389703,1.321338,1.436299,1.130697,0.877604,1.117838,1.988347,0.09033,0.876942,0.781929,0.881056,0.46184,0.682993,0.477158,0.054401,1.00262,1.105813,1.058754,1.543105,1
-0.274063,-0.241103,-0.378911,0.108827,-0.125003,-0.279371,-0.340294,-0.754861,-0.542464,-0.4536,-0.435702,-0.142999,-0.421399,-0.505667,-0.169028,-0.462481,-0.35445,-0.47908,-0.302639,-0.286524,-0.353986,-0.415817,-0.446894,-0.441284,-0.456395,-0.310316,0
-0.446129,-0.459674,-0.378911,-0.226292,-0.125003,0.134354,-0.009174,1.849252,-0.462648,-0.461475,-0.537417,-0.430624,-0.534326,0.080612,-0.168304,-0.502613,-0.477969,-0.497544,-0.455535,-0.488507,-0.483852,1.343147,-0.595987,-0.608037,-0.592895,-0.519349,0
-0.618194,-0.678244,-0.672946,-0.56141,-0.125003,-0.279371,-0.712803,-0.448495,-0.665423,-0.492973,-0.598445,-0.412068,-0.598154,-0.561504,-0.198731,-0.607961,-0.502673,-0.620633,-0.516694,-0.5693,-0.561772,-0.206831,-0.587704,-0.598773,-0.592895,-0.561155,1
-0.101998,-0.241103,-0.231894,-0.226292,-0.125003,-0.072509,-0.174734,-0.295312,0.360315,-0.114993,-0.257702,-0.217225,-0.276559,-0.398648,-0.137876,-0.289409,-0.144467,-0.319064,-0.363798,-0.407714,-0.431906,-0.433233,-0.248104,-0.274531,-0.28577,-0.240639,1
1.102461,1.288889,1.679334,2.119539,-0.125003,1.375531,1.149744,-0.142129,-0.52197,-0.398478,-0.459436,-0.551241,-0.423854,-0.356771,-0.176998,-0.475022,-0.601489,-0.432922,-0.058006,-0.084541,0.269372,-0.084923,-0.413763,-0.43202,-0.32672,-0.26851,0
-0.446129,-0.459674,-0.525929,-0.56141,-0.125003,-0.693097,-0.712803,-0.601678,-0.742002,-0.626841,-0.661169,-0.736805,-0.671801,-0.640605,-0.211047,-0.645585,-0.650896,-0.629865,-0.547273,-0.609697,-0.587745,-0.311324,-0.571139,-0.589509,-0.57242,-0.505413,1
0.242133,0.414608,0.209159,-0.226292,-0.125003,-0.279371,0.446115,0.317421,-0.200551,-0.36698,-0.176331,-0.477015,-0.151357,-0.179956,-0.108173,-0.166503,-0.35445,-0.115967,0.033732,0.157838,0.00964,-0.259078,-0.173557,-0.163362,-0.197045,-0.393929,1
-0.101998,-0.022533,0.209159,0.443946,-0.125003,-0.072509,-0.091954,1.083336,-0.463727,-0.4536,-0.515379,-0.430624,-0.509776,-0.175303,-0.182069,-0.520171,-0.440913,-0.528316,-0.210902,-0.165334,0.035613,0.524619,-0.496592,-0.496868,-0.415445,-0.366058,1
-0.962325,-1.115385,-0.966981,-0.896529,-0.125003,-0.89996,-1.168092,-0.754861,-0.797011,-0.737085,-0.77475,-0.885256,-0.757724,-0.66387,-0.234955,-0.765983,-0.848528,-0.728336,-0.66959,-0.771283,-0.691638,-0.851205,-0.703666,-0.72847,-0.688445,-0.658704,0
-0.79026,-0.896815,-0.819963,-0.56141,-0.125003,-0.89996,-1.002533,-0.754861,-0.827211,-0.72921,-0.766274,-0.8667,-0.752814,-0.668523,-0.233506,-0.758458,-0.823824,-0.725259,-0.63901,-0.730886,-0.665665,4.373443,-0.695383,-0.719206,-0.68162,-0.644768,0
1.102461,0.851748,1.091264,1.114183,-0.125003,0.341217,1.273914,0.164238,3.187297,2.129262,3.970221,3.252827,4.174218,1.183376,0.753941,4.095068,2.622368,4.370635,3.458601,1.531321,3.074483,-0.589972,3.992761,3.264337,3.727328,3.285043,1
-0.618194,-0.678244,-0.672946,-0.56141,-0.125003,-0.693097,-0.091954,0.930153,-0.599629,-0.595342,-0.542502,-0.634745,-0.526961,-0.361424,-0.166131,-0.502613,-0.589137,-0.469849,-0.486115,-0.528903,-0.509826,0.176309,-0.620836,-0.635829,-0.61337,-0.533284,0
-0.446129,-0.459674,-0.525929,-0.56141,-0.125003,-0.279371,-0.257514,-0.295312,-0.479905,-0.414227,-0.359417,-0.291451,-0.352661,-0.449831,-0.130632,-0.329542,-0.070355,-0.386764,-0.455535,-0.488507,-0.483852,-0.415817,-0.430329,-0.422756,-0.442745,-0.393929,0
0.070068,0.196037,0.209159,0.108827,-0.125003,0.54808,0.239166,0.470604,1.037669,1.113441,0.822164,1.128116,0.89935,0.704116,0.093953,0.786644,0.646058,0.804125,0.247786,0.440614,0.243399,-0.276493,0.687868,0.827891,0.676554,0.539749,1
-0.618194,-0.678244,-0.672946,-0.56141,-0.125003,-0.693097,-0.836973,-0.754861,-0.635222,-0.650465,-0.669645,-0.532684,-0.639887,-0.161344,-0.222639,-0.705784,-0.712656,-0.688332,-0.577852,-0.650093,-0.613719,2.631894,-0.645685,-0.663621,-0.64067,-0.602962,0
-0.101998,-0.241103,-0.084876,-0.56141,-0.125003,-0.486234,-0.091954,-0.448495,-0.227516,-0.280359,-0.125474,-0.356398,-0.0728,-0.528932,-0.066879,0.006568,-0.156819,0.047126,0.614736,0.440614,0.451185,-0.642219,-0.074162,-0.154098,-0.142445,-0.338187,1
0.414199,0.633178,0.650211,0.108827,-0.125003,-0.072509,0.446115,-0.295312,0.206077,0.026749,0.523802,0.886883,0.531111,-0.152038,-0.007472,0.34017,0.386667,0.321,0.431261,0.682993,0.710917,-0.572557,0.397965,0.503649,0.533229,0.177426,1
2.823116,3.693163,2.855473,-0.56141,-0.125003,1.168668,2.308663,-0.754861,-0.698859,-0.603217,-0.63235,-0.857422,-0.590789,-0.552197,-0.201629,-0.602944,-0.79912,-0.540625,0.003152,0.117442,-0.016334,-0.015261,-0.521441,-0.524661,-0.510995,-0.644768,0
